                 4179_water2Cs   2    -95399.5497573  -95930.0427000
                4180_water3UUD   3   -143107.8773386 -143904.3509199
                4181_water3UUU   3   -143106.5523387 -143903.5761976
                 4182_water4S4   4   -190816.8478238 -191880.8192633
                 4183_water4Ci   4   -190815.4991160 -191879.4994382
                 4184_water4Py   4   -190813.8528400 -191876.2038711
                4185_water5CYC   5   -238522.1705822 -239853.1239264
                4186_water5CAA   5   -238521.9898239 -239851.1614178
                4187_water5CAB   5   -238521.7753608 -239850.3605567
                4188_water5CAC   5   -238522.3386874 -239851.5113318
                4189_water5FRA   5   -238520.1605938 -239849.1171374
                4190_water5FRB   5   -238522.0198796 -239851.7322130
                4191_water5FRC   5   -238519.4540912 -239848.2425706
                4192_water6BAG   6   -286227.6501546 -287825.2169160
                4193_water6BK1   6   -286228.9911457 -287826.3032157
                4194_water6BK2   6   -286228.5392245 -287825.7741512
                 4195_water6CA   6   -286229.9843407 -287826.9872971
                4196_water6CB1   6   -286226.4806567 -287824.0068051
                4197_water6CB2   6   -286226.7806726 -287824.3260396
                 4198_water6CC   6   -286227.9306466 -287825.4486910
                 4199_water6PR   6   -286231.1143273 -287827.3883989
                4200_water7PR3   7   -333938.0811934 -335802.2116019
                4201_water7BI2   7   -333934.0168116 -335797.3212090
                4202_water7BI1   7   -333934.2997586 -335797.3987112
                4203_water7PR1   7   -333938.8531009 -335802.7288753
                4204_water7CH3   7   -333933.9800285 -335797.4028628
                4205_water7CH2   7   -333934.4435553 -335798.3229158
                4206_water7CA2   7   -333935.5490745 -335799.6270169
                4207_water7HM1   7   -333933.1983637 -335796.6156936
                4208_water7CA1   7   -333936.4116711 -335800.6571505
                4209_water7PR2   7   -333938.7009263 -335802.3594890
                4210_water7CH1   7   -333934.8260514 -335799.0016542
                4211_water8D2d   8   -381650.8999909 -383782.7406070
                 4212_water8S4   8   -381650.7187802 -383782.5088161
              4213_water9D2dDD   9   -429356.6703378 -431755.6809383
               4214_water9S4DA   9   -429356.1524236 -431755.2074536
               4215_water10PP1  10   -477064.9082363 -479731.0755040
               4216_water10PP2  10   -477064.7829256 -479731.1032781
